image: free_11x11.pgm
resolution: 10.000000
origin: [0.000000, 0.000000, -nan]
negate: 0
occupied_thresh: 0.65
free_thresh: 0.196

